line 0 - The next line is line 1 (f1)
9
0  0  0  0  1  1  1  0  1
0  0  0  0  0  0  1  0  0
0  0  0  0  0  0  0  1  0
0  0  0  0  0  0  0  1  0
1  0  0  0  0  1  0  0  1
1  0  0  0  1  0  0  0  1
1  1  0  0  0  0  0  0  0
0  0  1  1  0  0  0  0  0
1  0  0  0  1  1  0  0  0
line  12 (f2)
6
   0    7    9   999    999     14  
   7    0   10    15   999    999   
   9   10    0    11   999      2  
999    15   11    0     6     999   
999   999  999    6     0       9  
  14  999    2   999    9       0 
line 20   (f2)
9
 0  10  99  99  99  99  99  99   2
99   0   2  10  25  80  99   2  99
30  99   0   8   3  20  99  99   2
20  99  99   0  99   5  10  99  99
99  99  99   4   0  99  99  99  99
 8  99  99  99  99   0   5   3  99
 8  99  99  99  99  99   0  99  99
 0  10  99  99  99  99  99  0   99
99  99  99  99  99  99  99  99   0
line 31   (f3)
7
0  1  0  0  0  1  0
1  0  1  1  1  0  0
0  1  0  1  0  0  0
0  1  1  0  2  0  0
0  1  0  2  0  0  1
1  0  0  0  0  0  1
0  0  0  0  1  1  0
line  40(f2)
6
   0    7    2   999    999     14  
   7    0   10    15   999    999   
   2   10    0    11   999      2  
999    15   11    0     6     999   
999   999  999    6     0      19  
  14  999    2   999    19       0 
line 48  (f2)
9
 0  10  999  999  999  999  999  999  4
999   0   3  10  25  80  999   2  99
10  999   0   8   3  20  999  999   2
20  999  999   0  999   5  10  999  99
999  999  999   5   0  999  999  999  99
 8  999  999  999  999   0   5   6  99
 8  999  999  999  999  999   0  999  99
 0  10  999  999  999  999  999  0   99
999  999  999  999  999  999  999  999   0
END
